Alice 101 78 92 86 95 89
Bob 102 85 90 78 88 94
Charlie 103 72 88 79 91 83
David 104 89 76 93 82 87
Eva 105 94 82 90 75 88
Frank 106 80 89 85 94 77
Grace 107 87 93 78 89 81
Henry 108 76 85 92 80 90
Ivy 109 82 91 84 77 93
Jack 110 91 79 88 83 86
Katie 111 78 94 87 80 91
Leo 112 85 90 79 92 84
Mia 113 89 77 93 86 81
Noah 114 84 88 76 90 89
Olivia 115 92 81 94 77 85
Peter 116 79 93 86 89 82
Quinn 117 88 82 91 78 94
Ryan 118 76 90 83 92 87
Sophie 119 94 85 89 78 91
Tom 120 81 91 87 79 93
Uma 121 87 94 80 88 82
Violet 122 83 89 92 76 90
Will 123 90 76 93 85 88
Xander 124 78 92 84 91 79
Yara 125 86 83 89 77 94
Zack 126 92 80 91 84 88
Abby 127 79 88 82 93 86
Ben 128 94 81 90 76 89
Cara 129 85 77 93 89 80
Dylan 130 88 84 91 79 92
Emma 131 76 93 86 82 90
Finn 132 91 79 88 85 94
Gemma 133 78 94 87 76 91
Hugo 134 89 76 93 80 88
Isla 135 84 89 92 77 85
Jax 136 82 90 79 91 83
Kara 137 87 92 86 78 94
Liam 138 93 78 91 84 89
Mila 139 79 93 80 87 82
Nolan 140 86 81 94 76 90
Olive 141 92 77 89 85 88
Pablo 142 78 94 83 91 79
Quincy 143 85 79 90 88 82
Ruby 144 91 84 92 76 89
Sam 145 80 93 87 81 86
Tessa 146 88 76 91 79 92
Ulysses 147 83 89 92 78 94
Vera 148 89 82 90 77 93
Winston 149 94 77 88 81 85
Xena 150 87 91 86 79 94
Yuki 151 76 93 80 84 88
Zane 152 82 88 89 75 90
Ada 153 91 79 90 87 84
Bryce 154 78 94 88 76 92
Cleo 155 85 87 92 79 81
Dean 156 89 76 93 84 88
Ella 157 84 90 81 88 92
Felix 158 77 91 83 92 85
Gina 159 92 82 87 79 94
Hank 160 80 89 92 76 88
Ina 161 86 78 94 81 90
Jesse 162 93 76 91 84 87
Kira 163 79 92 87 83 88
Liam 164 85 81 94 76 90
Mia 165 90 77 89 82 91
Nash 166 88 84 91 79 93
Olga 167 76 93 86 85 88
Percy 168 91 79 88 77 92
Quinn 169 78 94 87 76 90
Riley 170 89 76 93 84 81
Sara 171 83 88 82 91 79
Troy 172 92 77 89 86 80
Uma 173 79 93 86 84 91
Vince 174 87 81 90 78 94
Willow 175 84 89 92 76 85
Xavier 176 76 91 87 81 93
Yara 177 90 78 94 83 86
Zara 178 88 82 91 79 92
Aaron 179 93 76 89 84 87
Bella 180 79 92 87 76 90
Ivy 181 86 83 89 77 94
Jake 182 92 80 91 84 88
Lily 183 78 92 84 91 79
Max 184 85 89 90 76 88
Nina 185 94 81 90 77 85
Oscar 186 91 84 92 76 89
Penny 187 80 93 87 81 86
Quentin 188 88 76 91 79 92
Rose 189 93 79 88 85 94
Simon 190 78 94 87 76 91
Tina 191 89 76 93 80 88
Uriah 192 84 89 92 77 85
Vera 193 82 90 79 91 83
Willow 194 87 92 86 78 94
Xavier 195 83 89 92 76 90
Yara 196 90 76 93 85 88
Zack 197 78 92 84 91 79
Aria 198 85 87 89 77 93
Benjamin 199 92 82 87 79 94
Charlotte 200 79 93 86 84 88